x -> l2, y -> tlb, z -> l1, w -> ins

sssp: 244849928x + 97470486y + 301023131z + 30738760130w = 83.525330 
pr: 482884030x + 202430630y + 613212426z + 28985995302w = 84.566345
tc: 732509330x + 115148096y + 644271253z + 89181915044w = 184.738403
cc: 176062809x + 81671535y + 223252703z + 26637257564w = 69.97943
pr_spmv: 402143453x + 168697072y + 508117320z + 28323359643w = 81.497131
bc: 242263962x + 112196304y + 298299864z + 27739254542w = 74.895630
bfs: 174998729x + 81233114y + 222107770z + 26638426974w = 70.224426
cc_sv: 260088427x + 118124409y + 333509515z + 27558067909w = 73.884888
l1_msr: 994420x + 927433y + 21852z + 214652819w = 0.18786
l2_msr: 694741475x + 95560y + 657902930z + 6895842484w = 246.261108
tlb_msr: 32339330x + 20552845y + 32607131z + 170361327w = 27.428528
ins_msr: 27796x + 1756y + 18716z + 2165715w = 0.092285

