x -> l2, y -> tlb, z -> l1, w -> ins

sssp: 244849928 + 97470486 + 301023131 + 30738760130 = 83.525330 
pr: 482884030 + 202430630 + 613212426 + 28985995302 = 84.566345
tc: 732509330 + 115148096 + 644271253 + 89181915044 = 184.738403
cc: 176062809 + 81671535 + 223252703 + 26637257564 = 69.97943
pr_spmv: 402143453 + 168697072 + 508117320 + 28323359643 = 81.497131
bc: 242263962 + 112196304 + 298299864 + 27739254542 = 74.895630
bfs: 174998729 + 81233114 + 222107770 + 26638426974 = 70.224426
cc_sv: 260088427 + 118124409 + 333509515 + 27558067909 = 73.884888
l1_msr: 994420 + 927433 + 21852 + 214652819 = 0.18786
l2_msr: 694741475 + 95560 + 657902930 + 6895842484 = 246.261108
tlb_msr: 32339330 + 20552845 + 32607131 + 170361327 = 27.428528
ins_msr: 27796 + 1756 + 18716 + 2165715 = 0.092285

